1.917258753338332011e-01
1.910638212764255162e-01
1.912764785907963005e-01
1.914821969908785948e-01
1.913581128765432515e-01
1.916152608766460985e-01
1.914507677908660332e-01
1.921091483054150895e-01
1.915344429337566268e-01
1.914581148765832352e-01
1.915483207623336070e-01
1.912442330479262598e-01
1.912834175050847907e-01
1.924491551055510785e-01
1.912883155622296105e-01
1.917911827624307619e-01
1.919307773910580162e-01
1.919577167053545252e-01
1.915744437337726369e-01
1.921299650482805599e-01
1.924413998484051369e-01
1.924120115055362457e-01
1.916748539052413602e-01
1.922005787054516524e-01
1.919748599053613669e-01
1.922777231054825231e-01
1.924809924769924074e-01
1.925099726484325591e-01
1.926536489913471817e-01
1.928765105914363176e-01
1.924965029912843184e-01
1.927005887056516542e-01
1.927752840771101150e-01
1.929267156771706793e-01
1.926956906485068344e-01
1.925801781341749397e-01
1.924911967627107590e-01
1.931205971058196635e-01
1.926593633913494530e-01
1.927654879628204754e-01
1.931295768772518240e-01
1.926291587056230825e-01
1.932152928772861156e-01
1.929254911628844882e-01
1.936418320203138754e-01
1.930373301343577819e-01
1.934071334487914295e-01
1.931210052772484032e-01
1.934944821345406518e-01
1.926748739056413917e-01
1.934781552773912616e-01
1.933324380773329687e-01
1.934463179059499605e-01
1.930544733343646513e-01
1.939369399632890623e-01
1.935940759631519237e-01
1.935565241917083235e-01
1.934173377345097811e-01
1.938859185346972214e-01
1.937348951060653968e-01
1.940373501347577856e-01
1.940128598490337142e-01
1.935757082488588632e-01
1.937716305346515178e-01
1.942908245920020316e-01
1.944598075634982048e-01
1.936561180203195953e-01
1.937904064203733179e-01
1.944451133920637731e-01
1.944793997920774842e-01
1.941210252776484069e-01
1.942226599634033490e-01
1.938479585918249093e-01
1.940708201919140452e-01
1.945553196778221361e-01
1.944749099063614040e-01
1.938667344775466816e-01
1.948063451064939722e-01
1.939332664204304613e-01
1.940430645347600846e-01
1.945753200778301273e-01
1.948014470493491523e-01
1.945422581921026073e-01
1.945696056778278560e-01
1.944226639634833442e-01
1.950014510494291475e-01
1.946206271064196691e-01
1.948859385350972251e-01
1.945218496206658765e-01
1.943965409920443421e-01
1.954847260210510196e-01
1.949985938494279980e-01
1.955349311067854090e-01
1.945500134492485766e-01
1.950349211065854071e-01
1.955430945353600902e-01
1.946508317921460396e-01
1.952316597352355132e-01
1.956177899068185511e-01
1.947655279636205106e-01
1.957712623640227856e-01
1.954067652781626974e-01
1.955965649925243410e-01
1.947214454493171598e-01
1.950798199637462094e-01
1.958006507068916768e-01
1.955769727639450617e-01
1.961088201355863925e-01
1.953794177924374764e-01
1.951259433351932304e-01
1.958851421926397773e-01
1.958969791640730873e-01
1.957088121354263743e-01
1.960475944212761723e-01
1.961839236784735652e-01
1.959986138498280295e-01
1.963549475071134087e-01
1.964337245928592102e-01
1.960169815641210900e-01
1.954247248210270460e-01
1.958508557926260663e-01
1.963239264785295590e-01
1.963455595642525087e-01
1.956447292211150324e-01
1.956418720211138829e-01
1.961769847641850750e-01
1.962929054499457371e-01
1.965451553929037642e-01
1.958973873355017992e-01
1.960720847070002715e-01
1.965614822500531544e-01
1.959271838497994578e-01
1.964900522500245827e-01
1.964214794499971606e-01
1.967961808215756281e-01
1.965884215643496635e-01
1.967023013929666275e-01
1.967586290501320279e-01
1.963084159642376481e-01
1.964214794499971606e-01
1.967496492786998674e-01
1.968921011073282712e-01
1.964537249928672014e-01
1.975243586504383253e-01
1.971565961931483479e-01
1.969770007645050836e-01
1.972794557931975001e-01
1.969194485930534921e-01
1.974043562503903226e-01
1.971108809931300665e-01
1.974839496789935755e-01
1.973239464789295905e-01
1.970455735645325057e-01
1.971651677931517688e-01
1.976884435647896510e-01
1.978296708791318637e-01
1.974019072218179127e-01
1.975749719076014266e-01
1.975508897933060670e-01
1.971100646502725873e-01
1.977006887076517005e-01
1.976880353933609391e-01
1.971586370502920182e-01
1.974210912789684247e-01
1.976178299076185585e-01
1.975925232790370079e-01
1.976239524790495694e-01
1.980357974506428975e-01
1.980578387077945590e-01
1.976680349933529202e-01
1.978770187648651036e-01
1.981562080221196398e-01
1.986713203651828130e-01
1.979496732791798663e-01
1.982594753935895127e-01
1.983631509364881251e-01
1.984374381365178186e-01
1.978374261362778330e-01
1.985182560794072903e-01
1.982737613935952325e-01
1.987431585366401243e-01
1.986733612223264833e-01
1.983533548221984855e-01
1.985945841365806819e-01
1.988652017938317973e-01
1.986692795080391427e-01
1.988917329366995390e-01
1.988766305938363677e-01
1.990137761938912120e-01
1.992962308225756374e-01
1.994599075654982512e-01
1.995252149940958120e-01
1.988011188795204554e-01
1.994754180797901622e-01
1.990370419653290923e-01
1.989770407653050910e-01
1.990476544224762112e-01
1.996856263655885366e-01
1.994529686512097610e-01
1.987194845937735044e-01
1.993684771654616883e-01
1.989876532224522099e-01
1.994839896797935830e-01
1.988533648223984873e-01
1.993370479654490990e-01
1.997493011084711390e-01
1.994219476226259113e-01
2.002884955658296717e-01
1.992382704796953063e-01
1.991848000225310555e-01
2.001480845943449383e-01
2.000280821942969356e-01
2.004113551658788239e-01
1.998917529370995705e-01
1.997933836227744897e-01
1.998668544799467317e-01
2.003627827658593930e-01
2.001872690515034692e-01
2.002272698515194793e-01
1.994913367655108127e-01
1.999268556799707330e-01
2.000468580800187357e-01
2.002154328800861693e-01
1.998558338513709010e-01
2.004925812801970353e-01
2.004615602516131856e-01
2.004215594515972032e-01
2.001811464800724583e-01
2.005358474516429068e-01
2.008460577374812928e-01
2.003035979086928708e-01
2.004782952801913154e-01
2.005966649945243874e-01
2.009121815089363050e-01
2.006146245373887083e-01
2.008925892803570257e-01
2.007934036231744934e-01
2.012860665376572933e-01
2.003938037944432426e-01
2.013130058519537746e-01
2.010476944232762186e-01
2.010493271089911493e-01
2.012664743090780139e-01
2.015101526520326203e-01
2.019040380807616275e-01
2.010542251661359692e-01
2.012799439662262546e-01
2.013187202519560459e-01
2.018726088807490382e-01
2.014130078519937861e-01
2.017248508235470750e-01
2.010276940232682275e-01
2.006697276802678898e-01
2.013440268805376243e-01
2.013856603662685374e-01
2.015350511091854591e-01
2.024032317381041501e-01
2.016277060235082130e-01
2.022758822523389177e-01
2.023660881380892895e-01
2.015448472234750710e-01
2.022469020808987661e-01
2.016489309378024231e-01
2.020746537379727314e-01
2.017811784807124753e-01
2.020191424236648103e-01
2.022518001380435859e-01
2.022444530523263562e-01
2.029452833954638324e-01
2.026195625953335355e-01
2.024101706523926403e-01
2.025007847095717517e-01
2.028248728239870902e-01
2.028118113382675891e-01
2.027885455668297088e-01
2.030983476812393274e-01
2.033999863670742925e-01
2.026987478525080766e-01
2.022562900237596661e-01
2.031579407098346168e-01
2.029950803097694545e-01
2.030563060240796747e-01
2.028387506525640704e-01
2.023767005952363807e-01
2.035559078528509369e-01
2.024950703095694526e-01
2.035322339099843170e-01
2.030326320812130547e-01
2.029922231097683050e-01
2.034089661385064529e-01
2.030207951097797447e-01
2.036730530528977900e-01
2.029367117954604116e-01
2.034808043099637365e-01
2.036040720814416283e-01
2.029056907668765619e-01
2.037306052243493815e-01
2.040934696244945390e-01
2.036901962529046595e-01
2.036706040243253801e-01
2.037926472815170531e-01
2.040146925387487375e-01
2.039918349387395968e-01
2.041302050530806600e-01
2.039310173958581163e-01
2.039228539672834351e-01
2.036514199671748404e-01
2.042236763102608932e-01
2.042097984816839129e-01
2.048649136248031077e-01
2.045016410532292384e-01
2.048302190533606570e-01
2.043093923102951848e-01
2.046583788818633620e-01
2.047489929390424457e-01
2.047865447104860459e-01
2.046506236247173927e-01
2.051947161392207453e-01
2.047661361390493151e-01
2.045800099675463002e-01
2.046126636818450528e-01
2.050257331677245720e-01
2.041175517387898708e-01
2.050689993391704435e-01
2.053228819678434292e-01
2.055094163107751837e-01
2.052383904820953564e-01
2.055045182536303916e-01
2.055171715679211530e-01
2.049445070534063607e-01
2.055212532822084937e-01
2.049473642534075102e-01
2.048910365962421376e-01
2.053559438535709492e-01
2.052371659678091653e-01
2.053796177964375691e-01
2.059335064252305336e-01
2.055518661393636037e-01
2.050551215105934910e-01
2.057800339680262991e-01
2.058551375109134718e-01
2.054620684250419715e-01
2.058535048251985411e-01
2.059882013966810033e-01
2.057588090537320891e-01
2.063371879682491528e-01
2.063294327111032112e-01
2.061126936824450862e-01
2.065535188254785381e-01
2.060057527681165845e-01
2.066796437969575795e-01
2.061539189967472874e-01
2.067163792255437005e-01
2.065473962540475272e-01
2.064416798540052445e-01
2.067082157969689915e-01
2.068645454541744033e-01
2.062926972825170902e-01
2.059686091681017239e-01
2.064661701397293159e-01
2.058139121966112706e-01
2.065890297397784681e-01
2.066625005969507101e-01
2.064539249968672940e-01
2.068029115684354435e-01
2.071898580828759329e-01
2.071747557400127615e-01
2.072710841971941442e-01
2.068355652827342239e-01
2.080535488260785715e-01
2.069739353970752871e-01
2.069392408256328364e-01
2.068751579113214945e-01
2.071874090543035229e-01
2.070567941971084291e-01
2.071727148828690912e-01
2.078576265402859169e-01
2.077919109402596165e-01
2.075706820258854113e-01
2.079478324260362887e-01
2.073478204257962754e-01
2.075465999115900795e-01
2.084543731690960411e-01
2.076098664830439422e-01
2.078278300259882860e-01
2.073972091686731578e-01
2.079841596831936701e-01
2.079155868831662479e-01
2.086380503120266461e-01
2.080000783689143207e-01
2.076955824830782338e-01
2.080890597403784736e-01
2.087217254549172674e-01
2.087082557977690267e-01
2.085372319691291831e-01
2.085911105977221458e-01
2.087347869406367684e-01
2.088258091692446194e-01
2.089429543692914726e-01
2.085274358548395435e-01
2.086156008834462450e-01
2.087772367692251885e-01
2.087302970549206882e-01
2.087213172834885277e-01
2.093364316265917124e-01
2.087605017406470587e-01
2.095980695124106674e-01
2.095135780266625669e-01
2.086870308834748167e-01
2.091205089407910667e-01
2.094331682552018348e-01
2.093127576837250925e-01
2.094188822551961149e-01
2.091850000265311482e-01
2.096837855124449312e-01
2.092833693408562012e-01
2.094058207694766138e-01
2.099682809982730269e-01
2.096858263695886293e-01
2.103646154555744163e-01
2.102740013983953049e-01
2.096437847124289489e-01
2.092784712837113814e-01
2.096629687695794608e-01
2.097923591124883635e-01
2.100764464268877196e-01
2.105429863699314896e-01
2.105066591127740805e-01
2.098152167124975043e-01
2.103442068841376855e-01
2.104944139699120587e-01
2.110066691129740823e-01
2.106291105413944931e-01
2.108666663129180885e-01
2.100425681983027482e-01
2.104376781413179187e-01
2.111250388273071543e-01
2.112205509416310856e-01
2.104107388270214374e-01
2.108205429414710674e-01
2.105858443699486215e-01
2.102613480841045435e-01
2.108462577414813577e-01
2.107123775128563747e-01
2.111311613987381652e-01
2.109066671129340986e-01
2.113727988845491290e-01
2.115323939131843745e-01
2.116450492275151751e-01
2.114997401988856218e-01
2.116438247132289563e-01
2.114903522560247218e-01
2.113952483131295301e-01
2.122315915706069200e-01
2.119809743133638236e-01
2.111654477987519041e-01
2.122099584848839704e-01
2.124703718564167065e-01
2.120283221990970357e-01
2.119124015133364014e-01
2.117989298561481493e-01
2.121144463705600669e-01
2.114001463702743500e-01
2.118144403704400602e-01
2.120646494562544448e-01
2.117340305989793281e-01
2.128467059137101047e-01
2.120328120848131159e-01
2.125822108278900280e-01
2.121793456277288881e-01
2.132577345424459536e-01
2.128524203137124038e-01
2.125728228850291279e-01
2.128899720851559763e-01
2.127801739708263529e-01
2.131667123138381026e-01
2.124344527706880648e-01
2.128430323708515037e-01
2.129601775708983569e-01
2.131271196852508598e-01
2.130414036852165682e-01
2.132789594567401636e-01
2.128691553422905058e-01
2.133936556282146069e-01
2.133528384853411453e-01
2.131026293995267606e-01
2.133222256281860352e-01
2.140426481999027630e-01
2.137075394569115938e-01
2.138201947712423667e-01
2.133997781996456178e-01
2.135128416854051303e-01
2.140630567713395216e-01
2.144279620286283217e-01
2.138001943712343755e-01
2.139793816284489003e-01
2.139006045427030989e-01
2.143651036286031708e-01
2.145418418572453134e-01
2.144479624286363406e-01
2.145471480858188729e-01
2.139597893998696210e-01
2.144275538571995821e-01
2.141263233427933843e-01
2.144928612857971428e-01
2.148647054573744608e-01
2.149210331145398334e-01
2.148871548859548619e-01
2.155092081433465367e-01
2.152810403146838414e-01
2.152602235718183710e-01
2.147242944858897273e-01
2.154594112290409147e-01
2.149630747716995138e-01
2.145067391143741231e-01
2.147544991716160978e-01
2.152463457432413907e-01
2.153136940289826218e-01
2.157153347148575706e-01
2.149059307716766620e-01
2.157296207148632905e-01
2.156418638576853286e-01
2.150606277431671154e-01
2.160414636864165794e-01
2.157630907720195224e-01
2.156471700862588603e-01
2.154777789433339752e-01
2.160002383721143782e-01
2.155202287719223675e-01
2.148847058573824520e-01
2.157798258005976522e-01
2.159284002006570669e-01
2.165231059723235207e-01
2.162328960864931537e-01
2.160055446006879376e-01
2.166018830580693222e-01
2.166741294009553731e-01
2.158888075720697963e-01
2.164377981437179688e-01
2.174741454012753816e-01
2.161275878578796106e-01
2.167831111724275173e-01
2.165296367151832713e-01
2.165908624294934914e-01
2.166288223723658035e-01
2.166100464866440312e-01
2.168859703724686783e-01
2.176790474585001967e-01
2.168304590581607572e-01
2.179864005443374053e-01
2.169622984296420698e-01
2.174676146584156311e-01
2.166320877437956927e-01
2.175272076870108928e-01
2.174190422583962001e-01
2.178206829442711212e-01
2.173031215726355381e-01
2.178219074585573400e-01
2.180615040872246058e-01
2.175100644870040234e-01
2.173059787726366876e-01
2.178431323728515501e-01
2.175263913441534136e-01
2.183541630016273827e-01
2.179472160871788744e-01
2.179133378585939029e-01
2.186464137446014200e-01
2.181006885443831367e-01
2.182300788872920394e-01
2.183757960873503046e-01
2.181357912872543270e-01
2.188015188875206130e-01
2.188415196875365953e-01
2.184472260873789040e-01
2.184835533445362854e-01
2.185945759731521276e-01
2.183831431730675343e-01
2.187304970589207809e-01
2.189288683732858454e-01
2.185994740302969197e-01
2.192798958019976652e-01
2.192533646591299235e-01
2.189174395732812750e-01
2.193480604305963755e-01
2.191758120876703131e-01
2.189260111732846958e-01
2.189505014590087673e-01
2.194782671163627297e-01
2.186721285446117102e-01
2.196774547735852734e-01
2.192068331162541628e-01
2.199599094022696710e-01
2.201566480309198048e-01
2.197325579164644549e-01
2.197627626021908254e-01
2.196301068878520335e-01
2.207452312311552478e-01
2.201925671166484466e-01
2.195892897449785719e-01
2.208399270026216721e-01
2.201223616309060938e-01
2.205656358025119557e-01
2.196309232307095127e-01
2.195884734021210927e-01
2.198623564308020972e-01
2.205505334596487843e-01
2.207284962025771180e-01
2.206374739739692670e-01
2.210305430598407950e-01
2.202893037452585689e-01
2.206399230025416769e-01
2.203791014595802011e-01
2.216497391172313203e-01
2.212942218028033925e-01
2.206562498596910671e-01
2.217374959744092822e-01
2.207884974026011193e-01
2.212546291742161497e-01
2.214995320314569471e-01
2.217505574601287832e-01
2.215636149457683168e-01
2.208350289454768800e-01
2.217330060886932019e-01
2.221619942602933717e-01
2.223538348317986857e-01
2.219162750601950951e-01
2.218134158601539341e-01
2.223126095174964845e-01
2.216232079743635786e-01
2.213240183171010234e-01
2.222179137460300324e-01
2.221954643174496036e-01
2.223391406603642262e-01
2.226150645461888733e-01
2.226452692319152438e-01
2.226338404319106734e-01
2.229126215177364700e-01
2.226966988319358243e-01
2.228334362605619567e-01
2.222224036317461127e-01
2.224150605461088781e-01
2.233248746607585100e-01
2.228885394034411382e-01
2.231248706606785148e-01
2.226860863747887331e-01
2.237477402609276689e-01
2.231971170035645657e-01
2.232436485464403264e-01
2.233812023179239103e-01
2.236085538037291265e-01
2.235950841465808858e-01
2.233150785464688981e-01
2.231783411178427656e-01
2.235828390037188362e-01
2.237232499752035975e-01
2.237820266609413800e-01
2.235012047179719130e-01
2.240130516896052248e-01
2.242253008325472696e-01
2.238444768895377912e-01
2.240665221467694757e-01
2.240252968324672744e-01
2.242416276896966598e-01
2.248493949470826148e-01
2.243383643183067822e-01
2.245232659755235782e-01
2.245228578040948664e-01
2.245804099755464578e-01
2.249734790614179580e-01
2.245089799755178861e-01
2.252775667758253053e-01
2.247420458613254013e-01
2.253987936901595268e-01
2.245763282612590894e-01
2.249653156328432768e-01
2.248522521470837643e-01
2.256232879759635934e-01
2.250424600328741198e-01
2.260624804332821425e-01
2.249600094042697174e-01
2.258673744903469394e-01
2.254147123758801774e-01
2.256298187188233439e-01
2.255028774044868789e-01
2.261522781476037747e-01
2.255812463188039407e-01
2.252975671758333243e-01
2.255261431759247315e-01
2.258477822617676878e-01
2.263420778619653906e-01
2.256804319759864452e-01
2.261694213476106163e-01
2.267694333478506297e-01
2.267522901478437602e-01
2.264767744334478528e-01
2.268600474050297411e-01
2.269465797479214841e-01
2.267057586049680273e-01
2.271310732337095684e-01
2.273412815195079428e-01
2.268824968336101422e-01
2.271710740337255785e-01
2.268469859193102123e-01
2.272474020908989700e-01
2.270955623194096662e-01
2.271645432908658280e-01
2.275898579196073690e-01
2.270237241479523549e-01
2.274286302052571651e-01
2.273551593480849231e-01
2.283335462627619772e-01
2.275188360910075369e-01
2.281449710626865524e-01
2.281163990626751403e-01
2.277163910625151222e-01
2.279780289483340772e-01
2.272429122051828898e-01
2.284213031199399391e-01
2.283155867198976563e-01
2.277735350625379740e-01
2.280233359769236190e-01
2.284474260913789689e-01
2.284878350628237187e-01
2.282090539769978943e-01
2.282000742055657339e-01
2.287070231200542259e-01
2.290674384916269735e-01
2.283139540341827256e-01
2.292454012345553072e-01
2.292131556916852664e-01
2.286968188343358743e-01
2.301707258634968500e-01
2.298772506062366217e-01
2.301613379206359500e-01
2.303703216921481334e-01
2.298270455205022600e-01
2.302058286063680403e-01
2.296886754061611968e-01
2.302707278635368615e-01
2.299568440348398746e-01
2.300319475777270750e-01
2.296556135204336768e-01
2.307531864923012821e-01
2.307470639208702434e-01
2.295249986632385830e-01
2.299943958062834748e-01
2.311221734638774505e-01
2.300450090634465761e-01
2.299894977491386550e-01
2.310356411209856797e-01
2.318993318641882906e-01
2.298805159776664830e-01
2.310042119209731182e-01
2.311544190067474913e-01
2.307486966065852019e-01
2.309103324923641454e-01
2.314348327782882186e-01
2.311923789496198034e-01
2.314858542068800595e-01
2.320201506070937725e-01
2.314425880354341880e-01
2.314780989497340902e-01
2.312213591210599828e-01
2.319772926070766406e-01
2.319756599213616821e-01
2.317895337498586672e-01
2.320217832928087032e-01
2.320205587785225121e-01
2.327144502073714982e-01
2.319197404356250491e-01
2.323356671215056901e-01
2.321919907785910953e-01
2.321850518643026051e-01
2.327817984931127293e-01
2.327683288359644609e-01
2.328487386074252208e-01
2.329409853503192629e-01
2.318519839784550785e-01
2.326920007787910971e-01
2.329940476360547741e-01
2.328585347217148327e-01
2.329634347788996640e-01
2.333683408362044742e-01
2.328581265502861208e-01
2.333838513504963852e-01
2.336761020934704502e-01
2.335552833505649684e-01
2.334348727790882261e-01
2.337569200363599220e-01
2.341679486650957431e-01
2.341271315222222815e-01
2.340597832364810504e-01
2.336891635791899513e-01
2.348753097510929699e-01
2.346438765510004132e-01
2.343528503223125670e-01
2.342826448365702141e-01
2.343279518651597559e-01
2.340952941507809804e-01
2.339283520364284774e-01
2.340426400364742088e-01
2.348418396939367381e-01
2.352528683226725870e-01
2.351353149511969942e-01
2.354189940941676107e-01
2.347091839795979462e-01
2.346108146652728932e-01
2.358528803229125725e-01
2.352181737512301363e-01
2.351132736940453050e-01
2.359867605515375555e-01
2.356422638656854862e-01
2.355540988370787847e-01
2.355422618656454747e-01
2.354247084941698820e-01
2.354916486084823735e-01
2.353585847227148697e-01
2.358683908372045113e-01
2.358402270086218111e-01
2.359047180943618927e-01
2.368590228947436149e-01
2.368022870661494750e-01
2.358471659229103012e-01
2.361496209516027178e-01
2.371998460377370832e-01
2.366112628375016402e-01
2.371214771234200214e-01
2.367737150661380630e-01
2.365663639803408380e-01
2.374357691235457479e-01
2.376251606664786242e-01
2.371161708948464619e-01
2.371353549519970016e-01
2.375394446664443604e-01
2.380292503809259830e-01
2.373476040949390464e-01
2.373688290092332565e-01
2.380468017523615643e-01
2.379578203808974113e-01
2.378496549522827186e-01
2.371504572948601730e-01
2.370749455805442607e-01
2.384459934096641032e-01
2.383039497524644390e-01
2.379370036380319409e-01
2.382896637524587191e-01
2.382317034095783881e-01
2.386080374668717863e-01
2.386223234668775062e-01
2.390835571813477167e-01
2.389835551813077053e-01
2.393076432957230437e-01
2.387276316954910493e-01
2.392280498671197908e-01
2.392366214671232116e-01
2.392215191242600403e-01
2.397696933530507335e-01
2.393745834100355352e-01
2.397072431244543222e-01
2.400582705531661698e-01
2.395578523815374283e-01
2.400019428960007695e-01
2.399162268959664779e-01
2.399158187245377660e-01
2.403072551246943356e-01
2.403378679818494457e-01
2.398492867816540142e-01
2.409937994678260920e-01
2.408015507248920384e-01
2.400856180388913907e-01
2.404733808961893593e-01
2.405313412390696903e-01
2.401064347817568612e-01
2.409795134678203721e-01
2.410427800392742625e-01
2.408415515249080485e-01
2.411611497536073068e-01
2.414248284965699320e-01
2.407717542105944075e-01
2.412125793536278873e-01
2.413729907251206119e-01
2.408113468391816780e-01
2.420383101539581860e-01
2.417199364395451189e-01
2.419570840396399747e-01
2.421721903825831690e-01
2.417901419252874717e-01
2.429179195828814475e-01
2.422566818683312417e-01
2.424750535827042974e-01
2.425489326113052790e-01
2.426277096970510805e-01
2.419019808967607932e-01
2.425815863256040594e-01
2.427962844971185141e-01
2.433607855830585975e-01
2.426991396970796522e-01
2.430534324972213611e-01
2.438293663832460378e-01
2.433207847830425874e-01
2.436465055831728843e-01
2.436534444974613745e-01
2.438293663832460378e-01
2.431003722115258614e-01
2.431575162115487132e-01
2.434407871830905901e-01
2.438085496403805674e-01
2.443199884405851396e-01
2.444363172977745136e-01
2.445820344978328065e-01
2.444665219835008840e-01
2.443783569548942103e-01
2.447942836407748513e-01
2.446363212978545365e-01
2.448832650122390320e-01
2.449118370122504440e-01
2.450824526694615479e-01
2.449534704979813848e-01
2.456938934697061316e-01
2.456236879839637510e-01
2.448812241550953339e-01
2.451608215837786098e-01
2.452840893552565016e-01
2.458498149554827761e-01
2.463212529556713659e-01
2.463951319842723475e-01
2.459294083840860567e-01
2.457636907840197726e-01
2.459894095841100581e-01
2.462992116985196767e-01
2.467110566701130048e-01
2.472898437560588081e-01
2.468498349558827798e-01
2.466514636415177153e-01
2.465820744986328417e-01
2.474192340989676830e-01
2.470420836988168334e-01
2.482114948421417500e-01
2.477090358133693382e-01
2.478159767276978120e-01
2.475816863276041058e-01
2.478016907276920922e-01
2.476771984419280093e-01
2.477988335276909704e-01
2.480690430135133184e-01
2.481388403278269594e-01
2.481902699278475399e-01
2.482241481564325114e-01
2.480935332992374176e-01
2.482984353564622326e-01
2.485437463851317974e-01
2.485408891851306479e-01
2.492127393568279448e-01
2.487290562137773331e-01
2.494947858140836305e-01
2.486792592994717110e-01
2.499298965571148112e-01
2.496233598141350540e-01
2.494221312997688400e-01
2.500780627857455141e-01
2.488217111281001148e-01
2.496931571284486950e-01
2.493670281568896585e-01
2.498858140428114605e-01
2.509311410718010338e-01
2.495739710712581716e-01
2.501629624429223542e-01
2.501037775857558043e-01
2.505005202144859333e-01
2.498433642142230682e-01
2.502894955858300796e-01
2.509352227860883744e-01
2.514131915291367148e-01
2.512964545005185735e-01
2.516552371863763904e-01
2.511042057575845199e-01
2.517421777006968453e-01
2.509837951861078054e-01
2.516172772435040783e-01
2.516609515863786894e-01
2.516552371863763904e-01
2.519552431864963693e-01
2.525903579296075452e-01
2.523564757009426063e-01
2.528413833582794368e-01
2.519985093579422686e-01
2.521164709008466009e-01
2.527532183296727353e-01
2.529487324440366502e-01
2.525875007296064512e-01
2.532528201584439698e-01
2.526348486153396355e-01
2.534903759299675929e-01
2.537360951300658418e-01
2.534577222156688125e-01
2.533952719870724013e-01
2.537601772443612291e-01
2.537026250729096377e-01
2.539001800444172230e-01
2.536091538157293490e-01
2.538071169586657017e-01
2.539838551873078165e-01
2.537981371872335412e-01
2.544230476446263656e-01
2.549038735876758555e-01
2.547969326733473538e-01
2.552230636449463463e-01
2.551524499877752539e-01
2.549402008448332091e-01
2.551565317020625945e-01
2.551928589592200036e-01
2.548308109019323253e-01
2.555928669593799940e-01
2.559671601595296941e-01
2.555524579879352443e-01
2.562206346167739679e-01
2.556132755308167526e-01
2.561936953024774866e-01
2.555936833022374732e-01
2.562038995881958381e-01
2.566749294169556883e-01
2.569533023313527731e-01
2.565981931883535849e-01
2.574194341029677480e-01
2.566520718169465476e-01
2.574410671886906976e-01
2.573443305600806030e-01
2.572124911885992904e-01
2.572475939314704529e-01
2.572704515314795937e-01
2.577169910745153447e-01
2.580165889032066118e-01
2.579631184460424165e-01
2.580116908460617919e-01
2.579039335888758666e-01
2.577614817602474351e-01
2.586672141606097264e-01
2.589313010750011190e-01
2.578671981602897456e-01
2.589113006749930723e-01
2.584855778748227917e-01
2.592770222751393794e-01
2.589206886178540001e-01
2.593757997608931998e-01
2.600358129611571867e-01
2.592088576465406691e-01
2.601688768469246904e-01
2.601358149611971982e-01
2.602194901040877917e-01
2.609770562758194079e-01
2.607856238757428335e-01
2.603864322184402669e-01
2.611913462759051230e-01
2.608880749043552272e-01
2.613301245616749258e-01
2.600162207325779073e-01
2.608325635900473061e-01
2.609562395329539375e-01
2.613427778759656595e-01
2.620260568476675545e-01
2.612211427902027538e-01
2.609007282186460164e-01
2.621264670191362778e-01
2.615497207903341725e-01
2.614864542188802821e-01
2.618276855333024900e-01
2.628587265622863711e-01
2.625448427335893564e-01
2.624146360478230022e-01
2.619366673047746619e-01
2.631632224481224580e-01
2.631036294195271408e-01
2.628770942765794039e-01
2.630987313623823765e-01
2.635334339339848175e-01
2.636579262197488727e-01
2.639946676484550281e-01
2.636097619911582091e-01
2.644350846200597682e-01
2.639485442770079793e-01
2.643497767914542163e-01
2.649501969631229414e-01
2.647285598773199689e-01
2.640509953056203729e-01
2.650481581060192826e-01
2.654857178776228732e-01
2.652787749632543601e-01
2.655779646205169153e-01
2.652710197061083908e-01
2.663853277065541536e-01
2.650995877060398076e-01
2.654171450775954511e-01
2.661702213636109593e-01
2.658326635920473247e-01
2.664979830208848988e-01
2.666771702780994513e-01
2.673604492498013463e-01
2.662636926207911925e-01
2.669845233639366877e-01
2.673367753069347263e-01
2.673102441640669569e-01
2.673637146212312077e-01
2.677751514213957962e-01
2.681249543358213971e-01
2.676873945642178065e-01
2.680453609072181442e-01
2.687735387360808414e-01
2.674069807926770515e-01
2.677812739928268071e-01
2.680176052500641837e-01
2.681127091929593753e-01
2.684286338788000048e-01
2.683351626216197716e-01
2.691964043362499726e-01
2.691710977076684497e-01
2.704482661081792916e-01
2.697062104507396141e-01
2.695939633078375808e-01
2.690523198219066381e-01
2.705984731939536925e-01
2.701033612508985104e-01
2.700062164508596485e-01
2.704850015367654126e-01
2.701005040508973609e-01
2.708009262226060976e-01
2.706303105653949936e-01
2.711368513084547183e-01
2.711556271941765184e-01
2.719176832516242426e-01
2.715511453086204563e-01
2.712772622799394795e-01
2.721487082802880320e-01
2.718752334230358225e-01
2.722189137660304126e-01
2.724397345089759059e-01
2.724687146804160576e-01
2.729499487948942593e-01
2.723789169660943976e-01
2.732691388521648057e-01
2.732630162807337948e-01
2.730870943949491036e-01
2.734360809665172809e-01
2.739173150809954826e-01
2.738899675952702895e-01
2.745785527955457161e-01
2.743573238811715109e-01
2.744809998240780868e-01
2.748385579956497127e-01
2.749699891957022579e-01
2.750655013100262170e-01
2.743793651383231724e-01
2.751512173100604808e-01
2.755728583959434208e-01
2.748405988527933830e-01
2.755222451387803195e-01
2.755989813673824229e-01
2.756512273102604826e-01
2.760434800532745592e-01
2.766545126820904033e-01
2.762194019390591948e-01
2.761977688533362452e-01
2.767814539964268405e-01
2.767324734249786977e-01
2.769320692536299533e-01
2.769847233679367249e-01
2.775353466252998280e-01
2.770349284536711143e-01
2.779896414254815484e-01
2.781300523969663097e-01
2.790198661116079504e-01
2.788300663972463345e-01
2.786684305114673910e-01
2.791639506259512848e-01
2.790459890830469525e-01
2.794068126260484397e-01
2.794047717689047694e-01
2.797411050261821575e-01
2.793798733117519584e-01
2.800100899977183144e-01
2.799113125119645495e-01
2.805231614836378173e-01
2.800456009120182443e-01
2.803970365121588038e-01
2.806815319979868995e-01
2.819521696556380186e-01
2.812211346267741718e-01
2.819582922270690295e-01
2.819129851984794599e-01
2.811864400553317211e-01
2.818819641698956380e-01
2.818831886841818291e-01
2.819089034841921193e-01
2.822893192557728859e-01
2.823125850272107384e-01
2.827934109702602283e-01
2.832044395989960495e-01
2.833501567990543424e-01
2.839334337707162259e-01
2.838122068563820322e-01
2.845669158281124989e-01
2.846722240567260420e-01
2.841983370279650423e-01
2.848318190853613152e-01
2.848922284568140562e-01
2.849836588568506190e-01
2.851644787997800745e-01
2.855726502285148016e-01
2.851220289711916545e-01
2.851306005711951030e-01
2.867481839432707291e-01
2.858706153714911102e-01
2.872624799434764231e-01
2.864526678288668027e-01
2.866163445717894165e-01
2.879339219437450081e-01
2.866494064575169087e-01
2.874147278863944388e-01
2.868265528575877910e-01
2.879645348009001182e-01
2.878531040008555086e-01
2.880514753152205731e-01
2.880767819438021515e-01
2.888702672012624095e-01
2.891968043442501579e-01
2.897776322873396038e-01
2.894755854300759546e-01
2.894229313157691830e-01
2.888649609726888223e-01
2.900858017160343194e-01
2.912739887450810361e-01
2.906625479448364247e-01
2.915201161166080523e-01
2.905168307447781872e-01
2.911380676593123829e-01
2.912760296022247064e-01
2.922605390883327714e-01
2.906996915448513130e-01
2.923821741740957325e-01
2.924740127455610073e-01
2.926425875456284409e-01
2.937854675460855880e-01
2.930662694886551067e-01
2.935311767459838905e-01
2.942373133176949263e-01
2.928560612028567323e-01
2.947005878893088071e-01
2.939458789175783404e-01
2.945920142892654026e-01
2.957418332040110398e-01
2.950499826323056962e-01
2.960777582898596605e-01
2.955528498325068476e-01
2.957887729183155123e-01
2.954214186324543023e-01
2.955410128610735376e-01
2.968834886901819403e-01
2.971185954331331258e-01
2.973002317189201160e-01
2.970965541759814643e-01
2.978949374905865422e-01
2.976708513762111874e-01
2.984496424622369859e-01
2.982875984050293305e-01
2.986941371480490992e-01
2.996949734913065821e-01
2.989484279481507967e-01
2.997590564056178963e-01
3.002533520058155991e-01
3.004856015487656906e-01
2.998492622913682681e-01
3.014664374920151269e-01
3.009296920632290040e-01
3.008582620632004323e-01
3.008088733203235221e-01
3.021288997208515514e-01
3.027513611496719936e-01
3.021868600637319102e-01
3.029485079497508115e-01
3.027591164068179075e-01
3.033276992070453870e-01
3.033301482356177692e-01
3.033754552642073388e-01
3.041575117216629986e-01
3.039828143501645541e-01
3.046167045789895389e-01
3.044558850360680746e-01
3.055012120650576479e-01
3.060004057224001706e-01
3.058126468651822250e-01
3.064689865225875831e-01
3.061391840081699733e-01
3.064514351511520296e-01
3.064563332082967939e-01
3.061408166938848763e-01
3.079596285803267164e-01
3.074645166372715344e-01
3.078951374945866348e-01
3.079975885231990285e-01
3.085804573234322001e-01
3.097894610953443317e-01
3.087825021806558379e-01
3.087502566377858249e-01
3.101119165240447395e-01
3.111168345815896186e-01
3.109111161815072966e-01
3.114078608102774370e-01
3.112552046959306540e-01
3.118013380675777046e-01
3.123931866392429813e-01
3.122139993820284842e-01
3.130658531537977574e-01
3.133311645824753411e-01
3.139948513255979567e-01
3.138715835541200372e-01
3.141732222399550301e-01
3.154169205833096123e-01
3.144401663543475167e-01
3.148144595544972169e-01
3.156899872691331654e-01
