3.584672727272726900e-01
3.595272727272726954e-01
3.593563636363635849e-01
3.587236363636364112e-01
3.583500000000000019e-01
3.580027272727272503e-01
3.585218181818182193e-01
3.579863636363636581e-01
3.581181818181818355e-01
3.578399999999999359e-01
3.583218181818181858e-01
3.586018181818181882e-01
3.586690909090908264e-01
3.585818181818181682e-01
3.590045454545454651e-01
3.596236363636363120e-01
3.589672727272728014e-01
3.591900000000000093e-01
3.599954545454545074e-01
3.607263636363636228e-01
3.611772727272727357e-01
3.589472727272727814e-01
3.598745454545453915e-01
3.611763636363636287e-01
3.616181818181817831e-01
3.606809090909091076e-01
3.598527272727272130e-01
3.600845454545454349e-01
3.607899999999999996e-01
3.618309090909090919e-01
3.603290909090908767e-01
3.618690909090909180e-01
3.617818181818181489e-01
3.610590909090908851e-01
3.610590909090908851e-01
3.614254545454546053e-01
3.608790909090909271e-01
3.622318181818182103e-01
3.620163636363636361e-01
3.615972727272727671e-01
3.630963636363636615e-01
3.631236363636363706e-01
3.631199999999999983e-01
3.613872727272727237e-01
3.608172727272727087e-01
3.635863636363635965e-01
3.626800000000000024e-01
3.634218181818181792e-01
3.629090909090908479e-01
3.622118181818181903e-01
3.605936363636363384e-01
3.631772727272727375e-01
3.630727272727272137e-01
3.621481818181817580e-01
3.650363636363637143e-01
3.640536363636363570e-01
3.636081818181817749e-01
3.634290909090908683e-01
3.634236363636363931e-01
3.640890909090909178e-01
3.633518181818182202e-01
3.642709090909090897e-01
3.643254545454545634e-01
3.633663636363637095e-01
3.649509090909090481e-01
3.655672727272727407e-01
3.643281818181818288e-01
3.643836363636363540e-01
3.645690909090908982e-01
3.657763636363636217e-01
3.651672727272726737e-01
3.654863636363636648e-01
3.655981818181818221e-01
3.658572727272727532e-01
3.660654545454545827e-01
3.656236363636363729e-01
3.648890909090909407e-01
3.667436363636363272e-01
3.658309090909090955e-01
3.652245454545454684e-01
3.666672727272726751e-01
3.670954545454545581e-01
3.666209090909091084e-01
3.666054545454545677e-01
3.673254545454545106e-01
3.669254545454545546e-01
3.684527272727273206e-01
3.673490909090909029e-01
3.674154545454545451e-01
3.671918181818181748e-01
3.669327272727272993e-01
3.674218181818181828e-01
3.685281818181818658e-01
3.658272727272726677e-01
3.677827272727273167e-01
3.682881818181818478e-01
3.677818181818181542e-01
3.676536363636364046e-01
3.683027272727272816e-01
3.686918181818181761e-01
3.681172727272726819e-01
3.683336363636363631e-01
3.679563636363636370e-01
3.681627272727272526e-01
3.696245454545454279e-01
3.708409090909091099e-01
3.694500000000000006e-01
3.688309090909090981e-01
3.693681818181817622e-01
3.701863636363636467e-01
3.691881818181818042e-01
3.700836363636363369e-01
3.707281818181817901e-01
3.700981818181818261e-01
3.722036363636363476e-01
3.689700000000000202e-01
3.716054545454545721e-01
3.705618181818181589e-01
3.716954545454544956e-01
3.721472727272727155e-01
3.717009090909090818e-01
3.730609090909091097e-01
3.718254545454545146e-01
3.711854545454545407e-01
3.732818181818181591e-01
3.715100000000000069e-01
3.722236363636363676e-01
3.726045454545454660e-01
3.728009090909090717e-01
3.726799999999999558e-01
3.741090909090908911e-01
3.732063636363636139e-01
3.729163636363636569e-01
3.743172727272727762e-01
3.742090909090909356e-01
3.743272727272727307e-01
3.733490909090908527e-01
3.744963636363636827e-01
3.731190909090909003e-01
3.742436363636363339e-01
3.745790909090909171e-01
3.739927272727272545e-01
3.739109090909090716e-01
3.755199999999999649e-01
3.752300000000000080e-01
3.749909090909090970e-01
3.743681818181818222e-01
3.743745454545454598e-01
3.753690909090908745e-01
3.750290909090908675e-01
3.756709090909091109e-01
3.762581818181818250e-01
3.743272727272726752e-01
3.745727272727272794e-01
3.770827272727272916e-01
3.760109090909090623e-01
3.764990909090908944e-01
3.749136363636363378e-01
3.748400000000000065e-01
3.759736363636364542e-01
3.760199999999999099e-01
3.783254545454545203e-01
3.787436363636363379e-01
3.772009090909090867e-01
3.773145454545454580e-01
3.784318181818182025e-01
3.790472727272727327e-01
3.776354545454544964e-01
3.792772727272727407e-01
3.779972727272727373e-01
3.786709090909091691e-01
3.782754545454545259e-01
3.784163636363636618e-01
3.800454545454545197e-01
3.788863636363636322e-01
3.802781818181818485e-01
3.803818181818181543e-01
3.809072727272726500e-01
3.808900000000000063e-01
3.804872727272727295e-01
3.801718181818182218e-01
3.798954545454545362e-01
3.802600000000000424e-01
3.823545454545453914e-01
3.802663636363636246e-01
3.810445454545454691e-01
3.802263636363636401e-01
3.815572727272726894e-01
3.820018181818181646e-01
3.818009090909091352e-01
3.809554545454545971e-01
3.813954545454545375e-01
3.825836363636364035e-01
3.831809090909090720e-01
3.828772727272727328e-01
3.801254545454545442e-01
3.821690909090909027e-01
3.825381818181817772e-01
3.827490909090909832e-01
3.820345454545454045e-01
3.826754545454545409e-01
3.840663636363636502e-01
3.829790909090909357e-01
3.843372727272726941e-01
3.841499999999999915e-01
3.851090909090909009e-01
3.856800000000000228e-01
3.846281818181818135e-01
3.845054545454545392e-01
3.848572727272727145e-01
3.844199999999999839e-01
3.869627272727272360e-01
3.860700000000000243e-01
3.849690909090909274e-01
3.849390909090909529e-01
3.868045454545454565e-01
3.862009090909090947e-01
3.875381818181817817e-01
3.848872727272727445e-01
3.855345454545454631e-01
3.870699999999999696e-01
3.870381818181817812e-01
3.865718181818181831e-01
3.868054545454545634e-01
3.861154545454544840e-01
3.869645454545455054e-01
3.872136363636363154e-01
3.886863636363636076e-01
3.878209090909091605e-01
3.887009090909090969e-01
3.892000000000000459e-01
3.890781818181818230e-01
3.894145454545454577e-01
3.886172727272727556e-01
3.920200000000000351e-01
3.883800000000000030e-01
3.907145454545454810e-01
3.908045454545454600e-01
3.914181818181818873e-01
3.906590909090909558e-01
3.900027272727272787e-01
3.894236363636363607e-01
3.917609090909091596e-01
3.911309090909090846e-01
3.916136363636363860e-01
3.919209090909090976e-01
3.916190909090909167e-01
3.922181818181818547e-01
3.924118181818181395e-01
3.927518181818181464e-01
3.935354545454545772e-01
3.940281818181818330e-01
3.940654545454545521e-01
3.935845454545454092e-01
3.939900000000000069e-01
3.936772727272727090e-01
3.929163636363636192e-01
3.941318181818181943e-01
3.944709090909090943e-01
3.959681818181817747e-01
3.948527272727272996e-01
3.963563636363636733e-01
3.958445454545453934e-01
3.945427272727272672e-01
3.971481818181818446e-01
3.963127272727272610e-01
3.954709090909091507e-01
3.964600000000000346e-01
3.960590909090909162e-01
3.969509090909090765e-01
3.982827272727272883e-01
3.973927272727272864e-01
3.972354545454545027e-01
3.984827272727272662e-01
3.987827272727272887e-01
3.994445454545454965e-01
3.990172727272727204e-01
3.987218181818181773e-01
4.006681818181818122e-01
3.987990909090909364e-01
4.001345454545454094e-01
3.990463636363636435e-01
4.009309090909090600e-01
3.999899999999999567e-01
4.010036363636363399e-01
4.009618181818182525e-01
4.003509090909090351e-01
4.011818181818181395e-01
4.005000000000000226e-01
4.011672727272727057e-01
4.018363636363636027e-01
4.029990909090908624e-01
4.032263636363636605e-01
4.028981818181818220e-01
4.025972727272726370e-01
4.044272727272727463e-01
4.053336363636363959e-01
4.052263636363636068e-01
4.044627272727272516e-01
4.052254545454545553e-01
4.046690909090908672e-01
4.059500000000000330e-01
4.055227272727272569e-01
4.062218181818182394e-01
4.064018181818181974e-01
4.062736363636363368e-01
4.063163636363636422e-01
4.059318181818182270e-01
4.073536363636363622e-01
4.074118181818181528e-01
4.069027272727273048e-01
4.072972727272727300e-01
4.080463636363636515e-01
4.090190909090908322e-01
4.086163636363637219e-01
4.074027272727273052e-01
4.086090909090908663e-01
4.099427272727272920e-01
4.093172727272728073e-01
4.091072727272727083e-01
4.095199999999999396e-01
4.121545454545453846e-01
4.105300000000000060e-01
4.100272727272727402e-01
4.111190909090908785e-01
4.107109090909091265e-01
4.124745454545454271e-01
4.110736363636363633e-01
4.126118181818182462e-01
4.125736363636363646e-01
4.138972727272727248e-01
4.137472727272727413e-01
4.145945454545454933e-01
4.129718181818182732e-01
4.144509090909090920e-01
4.145372727272726987e-01
4.133672727272727498e-01
4.141781818181818342e-01
4.158054545454545892e-01
4.162563636363636466e-01
4.174363636363636609e-01
4.180609090909090386e-01
4.173100000000000698e-01
4.172736363636364021e-01
4.171118181818181947e-01
4.173072727272727489e-01
4.182090909090909747e-01
4.182118181818181846e-01
4.191209090909090995e-01
4.190545454545454018e-01
4.188272727272727702e-01
4.190836363636363249e-01
4.209181818181818024e-01
4.207709090909090843e-01
4.202154545454545587e-01
4.212790909090909919e-01
4.211290909090908974e-01
4.213418181818181507e-01
4.225036363636363590e-01
4.225600000000000467e-01
4.223518181818181616e-01
4.216627272727272446e-01
4.232154545454545058e-01
4.222854545454545749e-01
4.243036363636363828e-01
4.245372727272726521e-01
4.258563636363636440e-01
4.239790909090909166e-01
4.250827272727272788e-01
4.267672727272727173e-01
4.257545454545454411e-01
4.254300000000000304e-01
4.254772727272727595e-01
4.280045454545454708e-01
4.267699999999999827e-01
4.287799999999999945e-01
4.288090909090908620e-01
4.286254545454545317e-01
4.276045454545454594e-01
4.277945454545454829e-01
4.298036363636363322e-01
4.297572727272727655e-01
4.306063636363636760e-01
4.318909090909091031e-01
4.317836363636363695e-01
4.312809090909091037e-01
4.323281818181817782e-01
4.321200000000000041e-01
4.319736363636363929e-01
4.332709090909090399e-01
4.321672727272727332e-01
4.350327272727272376e-01
4.335700000000000109e-01
4.370527272727272594e-01
4.360872727272727678e-01
4.356618181818181501e-01
4.352209090909091582e-01
4.351500000000000368e-01
4.381490909090908770e-01
4.386327272727272297e-01
4.384609090909090678e-01
4.361490909090908752e-01
4.382536363636364007e-01
4.389490909090908444e-01
4.392000000000000348e-01
4.394800000000000373e-01
4.404018181818181721e-01
4.400372727272727214e-01
4.403281818181818963e-01
4.419318181818181479e-01
4.429490909090909589e-01
4.412863636363636433e-01
4.440781818181818164e-01
4.431427272727272992e-01
4.424718181818182439e-01
4.453445454545454374e-01
4.453799999999999426e-01
4.458027272727272949e-01
4.453136363636364115e-01
4.459409090909090545e-01
4.475772727272727125e-01
4.469599999999999684e-01
4.472681818181818425e-01
4.481009090909091053e-01
4.480481818181818454e-01
4.494072727272727108e-01
4.498445454545454414e-01
4.513072727272726681e-01
4.509154545454545637e-01
4.520663636363637106e-01
4.506872727272727697e-01
4.522963636363636630e-01
4.530290909090909368e-01
4.541845454545455074e-01
4.532900000000000262e-01
4.528881818181818009e-01
4.547409090909091400e-01
4.534027272727272906e-01
4.572427272727273007e-01
4.564409090909091193e-01
4.559745454545454102e-01
4.570690909090909249e-01
4.579245454545454730e-01
4.580745454545454565e-01
4.593590909090908836e-01
4.598718181818182149e-01
4.606700000000000239e-01
4.604800000000000004e-01
4.618781818181817433e-01
4.617209090909090707e-01
4.612272727272727080e-01
4.630599999999999716e-01
4.651790909090909865e-01
4.634072727272727232e-01
4.641836363636363538e-01
4.667236363636363961e-01
4.669381818181818078e-01
4.659054545454545671e-01
4.663818181818181752e-01
4.691609090909090729e-01
4.687690909090909130e-01
4.681199999999999806e-01
4.690727272727273078e-01
4.715736363636363615e-01
4.700890909090909009e-01
4.707145454545454410e-01
4.719936363636362819e-01
4.720354545454545359e-01
4.713081818181818483e-01
4.749945454545454471e-01
4.732990909090909470e-01
4.770854545454545903e-01
4.778572727272727416e-01
4.768718181818182300e-01
4.777945454545454163e-01
4.775718181818182084e-01
4.796618181818181892e-01
4.812554545454545418e-01
4.784754545454544816e-01
4.821309090909090544e-01
4.800663636363636799e-01
4.824390909090908175e-01
4.838272727272726614e-01
4.843672727272727574e-01
4.839245454545454406e-01
4.858918181818182025e-01
4.842127272727272391e-01
4.877963636363636390e-01
4.878081818181818075e-01
4.883681818181818124e-01
4.875327272727272843e-01
4.900345454545454449e-01
4.903736363636363449e-01
4.916336363636363838e-01
4.926945454545454406e-01
4.920190909090909059e-01
4.940472727272727238e-01
4.950290909090909186e-01
4.954572727272727461e-01
4.961218181818181638e-01
4.969036363636363807e-01
4.988236363636363579e-01
4.991718181818181610e-01
4.995399999999999840e-01
5.000481818181817806e-01
5.017090909090908823e-01
5.031627272727272615e-01
5.023818181818182627e-01
5.028718181818181421e-01
5.060063636363636430e-01
5.069327272727272016e-01
5.066536363636364726e-01
5.068418181818181711e-01
5.070063636363636439e-01
5.106327272727272382e-01
5.108490909090909193e-01
5.114163636363636689e-01
5.122172727272726878e-01
5.141445454545454652e-01
5.141000000000000014e-01
5.145009090909090643e-01
5.154381818181817954e-01
5.170272727272727797e-01
5.181554545454545302e-01
5.169272727272726797e-01
5.186600000000000099e-01
5.213318181818181740e-01
5.214499999999999691e-01
5.217527272727272569e-01
5.218263636363636992e-01
5.257718181818181735e-01
5.244845454545454810e-01
5.261881818181818327e-01
5.282990909090908849e-01
5.288554545454544620e-01
5.306009090909090675e-01
5.304299999999999571e-01
5.319827272727273293e-01
5.337627272727273331e-01
5.339054545454545719e-01
5.364309090909090694e-01
5.359990909090908140e-01
5.388509090909090471e-01
5.374036363636363056e-01
5.404709090909091129e-01
5.429699999999999527e-01
5.429072727272727938e-01
5.424663636363635799e-01
5.442318181818182055e-01
5.462281818181817794e-01
5.477718181818183041e-01
5.473327272727273041e-01
5.498018181818181693e-01
5.514181818181818073e-01
5.513127272727272876e-01
5.549345454545453471e-01
5.545072727272727375e-01
5.568699999999999761e-01
5.570918181818181880e-01
5.591609090909090973e-01
5.616990909090909811e-01
5.636590909090909429e-01
5.617299999999999516e-01
5.657790909090909537e-01
5.667518181818180789e-01
5.687963636363636555e-01
5.691281818181818108e-01
5.713418181818181729e-01
5.716063636363637457e-01
5.746663636363636973e-01
5.761854545454545562e-01
5.774754545454544585e-01
5.766209090909090174e-01
5.794736363636364684e-01
5.812709090909090603e-01
5.823718181818181572e-01
5.835872727272727323e-01
5.845154545454546158e-01
5.880490909090909657e-01
5.892918181818180834e-01
5.897481818181818936e-01
5.919954545454545469e-01
5.940418181818181154e-01
5.961554545454545995e-01
5.978736363636364404e-01
5.979800000000001781e-01
5.998081818181817404e-01
6.028881818181818231e-01
6.051818181818181541e-01
6.050245454545455370e-01
6.071618181818181359e-01
6.109299999999999731e-01
6.132754545454546236e-01
6.130318181818181777e-01
6.163609090909091259e-01
6.156745454545454743e-01
6.182218181818180947e-01
6.221781818181819634e-01
6.216409090909090773e-01
6.234363636363635663e-01
6.274672727272726513e-01
6.318445454545454920e-01
6.326181818181818572e-01
6.333018181818181880e-01
6.347281818181818025e-01
6.341454545454546787e-01
6.374254545454545173e-01
6.413890909090909087e-01
6.431436363636363618e-01
6.472981818181818836e-01
6.489781818181818984e-01
6.516609090909091240e-01
6.507654545454546469e-01
6.552845454545453974e-01
6.571518181818182258e-01
6.589700000000000557e-01
6.621827272727273117e-01
6.640245454545453674e-01
6.652363636363636257e-01
6.672572727272726434e-01
6.704890909090909235e-01
6.728645454545454374e-01
6.758554545454544815e-01
6.777181818181818862e-01
6.812654545454545074e-01
6.839318181818182518e-01
6.853118181818181887e-01
6.902472727272728203e-01
6.919409090909089954e-01
6.922627272727274184e-01
6.965390909090909410e-01
6.992654545454545234e-01
7.037700000000000067e-01
7.054027272727271258e-01
7.086009090909090036e-01
7.103199999999999514e-01
7.132918181818181935e-01
7.172145454545454379e-01
7.170618181818182446e-01
7.237090909090908575e-01
7.272990909090908396e-01
7.263754545454544909e-01
7.295609090909090932e-01
7.347518181818182281e-01
7.384127272727273317e-01
7.429727272727272291e-01
7.464309090909091449e-01
7.493727272727271904e-01
7.492454545454545478e-01
7.549963636363635766e-01
7.561663636363635810e-01
7.632154545454544747e-01
7.657081818181817878e-01
7.670918181818182635e-01
7.705527272727272781e-01
7.762809090909090770e-01
7.792563636363636359e-01
7.831245454545455731e-01
7.880163636363636259e-01
