2.628235999999999906e-01
2.624587999999999921e-01
2.623008000000000006e-01
2.621140000000000136e-01
2.629203999999999986e-01
2.626263999999999821e-01
2.625143999999999811e-01
2.633800000000000030e-01
2.628347999999999796e-01
2.621504000000000056e-01
2.628327999999999776e-01
2.619471999999999912e-01
2.628260000000000041e-01
2.630212000000000105e-01
2.629387999999999725e-01
2.632476000000000260e-01
2.633347999999999800e-01
2.629003999999999786e-01
2.631439999999999890e-01
2.631020000000000025e-01
2.633092000000000210e-01
2.631432000000000215e-01
2.629335999999999895e-01
2.631379999999999830e-01
2.625044000000000266e-01
2.629812000000000261e-01
2.634795999999999805e-01
2.634607999999999950e-01
2.639460000000000139e-01
2.630855999999999750e-01
2.634032000000000040e-01
2.638503999999999849e-01
2.637515999999999750e-01
2.629879999999999995e-01
2.638344000000000245e-01
2.638916000000000039e-01
2.641647999999999774e-01
2.636075999999999975e-01
2.639444000000000234e-01
2.632436000000000220e-01
2.640620000000000189e-01
2.641631999999999869e-01
2.639000000000000234e-01
2.637592000000000270e-01
2.638139999999999930e-01
2.647144000000000164e-01
2.634587999999999930e-01
2.632987999999999995e-01
2.645832000000000184e-01
2.643987999999999894e-01
2.634199999999999875e-01
2.635464000000000140e-01
2.638039999999999830e-01
2.639212000000000224e-01
2.638251999999999819e-01
2.640375999999999834e-01
2.637512000000000190e-01
2.650375999999999843e-01
2.637611999999999735e-01
2.641356000000000259e-01
2.647675999999999918e-01
2.642231999999999914e-01
2.642959999999999754e-01
2.646624000000000199e-01
2.642383999999999844e-01
2.640832000000000179e-01
2.646952000000000194e-01
2.639328000000000229e-01
2.642336000000000129e-01
2.653987999999999903e-01
2.652044000000000068e-01
2.643920000000000159e-01
2.649839999999999973e-01
2.639016000000000139e-01
2.650895999999999808e-01
2.655855999999999772e-01
2.649235999999999813e-01
2.649739999999999873e-01
2.642128000000000254e-01
2.657947999999999977e-01
2.649328000000000238e-01
2.647376000000000174e-01
2.651620000000000088e-01
2.648992000000000013e-01
2.652039999999999953e-01
2.648967999999999878e-01
2.656287999999999982e-01
2.651952000000000198e-01
2.652851999999999988e-01
2.656544000000000127e-01
2.651216000000000128e-01
2.655944000000000083e-01
2.651896000000000253e-01
2.653800000000000048e-01
2.652872000000000008e-01
2.654779999999999918e-01
2.655723999999999863e-01
2.656540000000000012e-01
2.659152000000000182e-01
2.651120000000000143e-01
2.655627999999999878e-01
2.656279999999999752e-01
2.655399999999999983e-01
2.655855999999999772e-01
2.654612000000000083e-01
2.659411999999999887e-01
2.660163999999999862e-01
2.657383999999999857e-01
2.660776000000000252e-01
2.659072000000000102e-01
2.660428000000000237e-01
2.655727999999999978e-01
2.660591999999999957e-01
2.657880000000000242e-01
2.661356000000000277e-01
2.659007999999999927e-01
2.665756000000000236e-01
2.665908000000000166e-01
2.658947999999999867e-01
2.667147999999999741e-01
2.663184000000000107e-01
2.665551999999999921e-01
2.659639999999999782e-01
2.668592000000000186e-01
2.666392000000000206e-01
2.671000000000000041e-01
2.664708000000000077e-01
2.662860000000000227e-01
2.665931999999999746e-01
2.665020000000000167e-01
2.665544000000000247e-01
2.669355999999999951e-01
2.670216000000000256e-01
2.669920000000000071e-01
2.670516000000000001e-01
2.667604000000000086e-01
2.670431999999999806e-01
2.671799999999999731e-01
2.677503999999999995e-01
2.668391999999999986e-01
2.669739999999999891e-01
2.669572000000000056e-01
2.671428000000000136e-01
2.670096000000000136e-01
2.677055999999999880e-01
2.670491999999999866e-01
2.672668000000000266e-01
2.673807999999999740e-01
2.670480000000000076e-01
2.670355999999999841e-01
2.664868000000000237e-01
2.679400000000000115e-01
2.674748000000000125e-01
2.680484000000000200e-01
2.676336000000000270e-01
2.668235999999999941e-01
2.677015999999999840e-01
2.676151999999999975e-01
2.674364000000000186e-01
2.680043999999999760e-01
2.666691999999999951e-01
2.670544000000000251e-01
2.675219999999999820e-01
2.674804000000000070e-01
2.679416000000000020e-01
2.678876000000000035e-01
2.681787999999999950e-01
2.683287999999999784e-01
2.680660000000000265e-01
2.681528000000000245e-01
2.685076000000000129e-01
2.686700000000000199e-01
2.679255999999999860e-01
2.679503999999999775e-01
2.677512000000000225e-01
2.678427999999999920e-01
2.680471999999999855e-01
2.683008000000000060e-01
2.684971999999999914e-01
2.686176000000000119e-01
2.680163999999999880e-01
2.681471999999999745e-01
2.680716000000000210e-01
2.686040000000000094e-01
2.682243999999999740e-01
2.679688000000000070e-01
2.687240000000000184e-01
2.690931999999999769e-01
2.684476000000000084e-01
2.687591999999999759e-01
2.687664000000000164e-01
2.695147999999999988e-01
2.684552000000000049e-01
2.687419999999999809e-01
2.696836000000000233e-01
2.689491999999999994e-01
2.688903999999999739e-01
2.685663999999999829e-01
2.690763999999999934e-01
2.685971999999999804e-01
2.691944000000000004e-01
2.689784000000000064e-01
2.690315999999999819e-01
2.696524000000000143e-01
2.693211999999999828e-01
2.693324000000000273e-01
2.691544000000000159e-01
2.694440000000000168e-01
2.693999999999999728e-01
2.692104000000000164e-01
2.693896000000000068e-01
2.688639999999999919e-01
2.699860000000000038e-01
2.693039999999999878e-01
2.695768000000000053e-01
2.693996000000000168e-01
2.698215999999999948e-01
2.701076000000000032e-01
2.696127999999999858e-01
2.690067999999999904e-01
2.695756000000000263e-01
2.698688000000000198e-01
2.707055999999999907e-01
2.702512000000000247e-01
2.704096000000000277e-01
2.702452000000000187e-01
2.701647999999999827e-01
2.695975999999999928e-01
2.705824000000000007e-01
2.701955999999999802e-01
2.704424000000000272e-01
2.699487999999999888e-01
2.707167999999999797e-01
2.702856000000000147e-01
2.699559999999999738e-01
2.707111999999999852e-01
2.703144000000000102e-01
2.706955999999999807e-01
2.702176000000000022e-01
2.698367999999999878e-01
2.697439999999999838e-01
2.702039999999999997e-01
2.714032000000000111e-01
2.710723999999999911e-01
2.709231999999999752e-01
2.701832000000000122e-01
2.702956000000000247e-01
2.704851999999999812e-01
2.707379999999999787e-01
2.709500000000000242e-01
2.706852000000000147e-01
2.712879999999999736e-01
2.712151999999999896e-01
2.714884000000000186e-01
2.713624000000000036e-01
2.713032000000000221e-01
2.714463999999999766e-01
2.705119999999999747e-01
2.711399999999999921e-01
2.712763999999999731e-01
2.711011999999999866e-01
2.716600000000000126e-01
2.714036000000000226e-01
2.707140000000000102e-01
2.719331999999999860e-01
2.723463999999999885e-01
2.712372000000000116e-01
2.719523999999999830e-01
2.720868000000000175e-01
2.719340000000000090e-01
2.716888000000000081e-01
2.714007999999999976e-01
2.718728000000000256e-01
2.720076000000000160e-01
2.718791999999999875e-01
2.718463999999999881e-01
2.726303999999999950e-01
2.721736000000000155e-01
2.723800000000000110e-01
2.717071999999999821e-01
2.725991999999999860e-01
2.727907999999999999e-01
2.719623999999999930e-01
2.717008000000000201e-01
2.725119999999999765e-01
2.722928000000000015e-01
2.726308000000000065e-01
2.726747999999999950e-01
2.723151999999999795e-01
2.721535999999999955e-01
2.724927999999999795e-01
2.730928000000000244e-01
2.724936000000000025e-01
2.722555999999999865e-01
2.726587999999999790e-01
2.728720000000000034e-01
2.729971999999999954e-01
2.728079999999999949e-01
2.727399999999999824e-01
2.732720000000000149e-01
2.729003999999999874e-01
2.734211999999999754e-01
2.732876000000000194e-01
2.741767999999999983e-01
2.734467999999999899e-01
2.732820000000000249e-01
2.731480000000000019e-01
2.735576000000000119e-01
2.738684000000000118e-01
2.734400000000000164e-01
2.731692000000000009e-01
2.740119999999999778e-01
2.737004000000000103e-01
2.737419999999999853e-01
2.732791999999999999e-01
2.742243999999999793e-01
2.739079999999999848e-01
2.744728000000000168e-01
2.743323999999999763e-01
2.738836000000000048e-01
2.738012000000000223e-01
2.748079999999999967e-01
2.735703999999999914e-01
2.745027999999999913e-01
2.750331999999999777e-01
2.736064000000000274e-01
2.741299999999999848e-01
2.744911999999999908e-01
2.735884000000000094e-01
2.743831999999999938e-01
2.745799999999999907e-01
2.747412000000000187e-01
2.745092000000000088e-01
2.744208000000000203e-01
2.739423999999999748e-01
2.752872000000000097e-01
2.743316000000000088e-01
2.744831999999999828e-01
2.746944000000000052e-01
2.746868000000000087e-01
2.754708000000000157e-01
2.746792000000000122e-01
2.751732000000000067e-01
2.754664000000000001e-01
2.752883999999999887e-01
2.757352000000000136e-01
2.752067999999999737e-01
2.753883999999999777e-01
2.755616000000000176e-01
2.756888000000000116e-01
2.753224000000000227e-01
2.755844000000000071e-01
2.758604000000000056e-01
2.759215999999999891e-01
2.755195999999999756e-01
2.757720000000000171e-01
2.758387999999999951e-01
2.759124000000000021e-01
2.756763999999999881e-01
2.753532000000000202e-01
2.758831999999999951e-01
2.757336000000000231e-01
2.765627999999999975e-01
2.760143999999999931e-01
2.761236000000000246e-01
2.759596000000000271e-01
2.758664000000000116e-01
2.766355999999999815e-01
2.766596000000000055e-01
2.763200000000000101e-01
2.764383999999999730e-01
2.761216000000000226e-01
2.760696000000000261e-01
2.762740000000000196e-01
2.761404000000000081e-01
2.761431999999999776e-01
2.768648000000000220e-01
2.765083999999999875e-01
2.770155999999999730e-01
2.764704000000000050e-01
2.769008000000000025e-01
2.766736000000000195e-01
2.770607999999999960e-01
2.768972000000000100e-01
2.773943999999999854e-01
2.769115999999999800e-01
2.769971999999999990e-01
2.773836000000000079e-01
2.771203999999999890e-01
2.768488000000000060e-01
2.774427999999999894e-01
2.775779999999999914e-01
2.773403999999999869e-01
2.776803999999999939e-01
2.772292000000000090e-01
2.778715999999999964e-01
2.773084000000000104e-01
2.779231999999999814e-01
2.783019999999999938e-01
2.783640000000000003e-01
2.783599999999999963e-01
2.783363999999999838e-01
2.781924000000000063e-01
2.778912000000000049e-01
2.785027999999999948e-01
2.781355999999999828e-01
2.778452000000000144e-01
2.785371999999999848e-01
2.782319999999999793e-01
2.787464000000000053e-01
2.788872000000000018e-01
2.783851999999999993e-01
2.791060000000000207e-01
2.790315999999999907e-01
2.781319999999999903e-01
2.789923999999999737e-01
2.792383999999999977e-01
2.788715999999999973e-01
2.787727999999999873e-01
2.789947999999999873e-01
2.797992000000000257e-01
2.787984000000000018e-01
2.789084000000000008e-01
2.791484000000000187e-01
2.794679999999999942e-01
2.798147999999999747e-01
2.799363999999999741e-01
2.797856000000000232e-01
2.789200000000000013e-01
2.801611999999999991e-01
2.804539999999999811e-01
2.802520000000000011e-01
2.794016000000000277e-01
2.802363999999999966e-01
2.798756000000000022e-01
2.797803999999999847e-01
2.797964000000000007e-01
2.805848000000000231e-01
2.802279999999999771e-01
2.803952000000000111e-01
2.805739999999999901e-01
2.806096000000000146e-01
2.796571999999999947e-01
2.801192000000000126e-01
2.794460000000000277e-01
2.803267999999999871e-01
2.802040000000000086e-01
2.807524000000000131e-01
2.807903999999999956e-01
2.811823999999999990e-01
2.811072000000000015e-01
2.804903999999999731e-01
2.805311999999999806e-01
2.808535999999999810e-01
2.811511999999999900e-01
2.806560000000000166e-01
2.806232000000000171e-01
2.809131999999999740e-01
2.809867999999999810e-01
2.813060000000000005e-01
2.807428000000000146e-01
2.811736000000000235e-01
2.819552000000000169e-01
2.814064000000000010e-01
2.808956000000000230e-01
2.817080000000000140e-01
2.806208000000000036e-01
2.819175999999999904e-01
2.821964000000000139e-01
2.820944000000000229e-01
2.822912000000000199e-01
2.819356000000000084e-01
2.824235999999999969e-01
2.814064000000000010e-01
2.824284000000000239e-01
2.818475999999999759e-01
2.820123999999999964e-01
2.819064000000000014e-01
2.820915999999999979e-01
2.823912000000000089e-01
2.833448000000000078e-01
2.831339999999999968e-01
2.826136000000000204e-01
2.832736000000000143e-01
2.827187999999999923e-01
2.831676000000000193e-01
2.832375999999999783e-01
2.833419999999999828e-01
2.832067999999999808e-01
2.827308000000000043e-01
2.836239999999999872e-01
2.829028000000000098e-01
2.831371999999999778e-01
2.833104000000000178e-01
2.827736000000000138e-01
2.833231999999999973e-01
2.840404000000000262e-01
2.841163999999999912e-01
2.840340000000000087e-01
2.842823999999999907e-01
2.838432000000000177e-01
2.839555999999999747e-01
2.840500000000000247e-01
2.835643999999999942e-01
2.846076000000000161e-01
2.843343999999999872e-01
2.840155999999999792e-01
2.844387999999999916e-01
2.847687999999999886e-01
2.842504000000000142e-01
2.844704000000000121e-01
2.844291999999999931e-01
2.844764000000000181e-01
2.848300000000000276e-01
2.841875999999999847e-01
2.850431999999999966e-01
2.845715999999999801e-01
2.851699999999999791e-01
2.850619999999999821e-01
2.855063999999999935e-01
2.858508000000000160e-01
2.860672000000000215e-01
2.856759999999999855e-01
2.859227999999999770e-01
2.862136000000000124e-01
2.866060000000000274e-01
2.860748000000000180e-01
2.855092000000000185e-01
2.860204000000000080e-01
2.859588000000000130e-01
2.859091999999999745e-01
2.858443999999999985e-01
2.861279999999999935e-01
2.866168000000000049e-01
2.874376000000000153e-01
2.867007999999999779e-01
2.866384000000000154e-01
2.867975999999999859e-01
2.862720000000000264e-01
2.875036000000000258e-01
2.867468000000000239e-01
2.866244000000000014e-01
2.869564000000000004e-01
2.872223999999999888e-01
2.869108000000000214e-01
2.870663999999999993e-01
2.865924000000000249e-01
2.878124000000000238e-01
2.877071999999999963e-01
2.879019999999999913e-01
2.868687999999999794e-01
2.875547999999999993e-01
2.882484000000000157e-01
2.873031999999999808e-01
2.888571999999999806e-01
2.877531999999999868e-01
2.875643999999999978e-01
2.882540000000000102e-01
2.884448000000000012e-01
2.893439999999999901e-01
2.886199999999999877e-01
2.886531999999999987e-01
2.882951999999999737e-01
2.886087999999999987e-01
2.881835999999999842e-01
2.890155999999999836e-01
2.897464000000000151e-01
2.892524000000000206e-01
2.889392000000000071e-01
2.896136000000000266e-01
2.892535999999999996e-01
2.900008000000000030e-01
2.896424000000000221e-01
2.893867999999999996e-01
2.899175999999999975e-01
2.898484000000000060e-01
2.897348000000000146e-01
2.902864000000000000e-01
2.899079999999999990e-01
2.897031999999999941e-01
2.907083999999999779e-01
2.900139999999999940e-01
2.899967999999999990e-01
2.902216000000000240e-01
2.905675999999999815e-01
2.904048000000000185e-01
2.903015999999999930e-01
2.912092000000000014e-01
2.900496000000000185e-01
2.906947999999999754e-01
2.915028000000000064e-01
2.911603999999999859e-01
2.910155999999999854e-01
2.906527999999999889e-01
2.904787999999999815e-01
2.913000000000000034e-01
2.909843999999999764e-01
2.912020000000000164e-01
2.920075999999999783e-01
2.911503999999999759e-01
2.918031999999999848e-01
2.917156000000000193e-01
2.911944000000000199e-01
2.914220000000000144e-01
2.916507999999999878e-01
2.926047999999999982e-01
2.922120000000000273e-01
2.916123999999999938e-01
2.920496000000000203e-01
2.925947999999999882e-01
2.933131999999999961e-01
2.923096000000000028e-01
2.925595999999999752e-01
2.927152000000000087e-01
2.927832000000000212e-01
2.922328000000000148e-01
2.930247999999999742e-01
2.930768000000000262e-01
2.933123999999999731e-01
2.935503999999999891e-01
2.942435999999999940e-01
2.942752000000000145e-01
2.938723999999999781e-01
2.938908000000000076e-01
2.941543999999999826e-01
2.934883999999999826e-01
2.940711999999999771e-01
2.940639999999999921e-01
2.945867999999999820e-01
2.951987999999999834e-01
2.944999999999999840e-01
2.951355999999999979e-01
2.948807999999999985e-01
2.943587999999999760e-01
2.953035999999999994e-01
2.934876000000000151e-01
2.955139999999999989e-01
2.947391999999999790e-01
2.953180000000000249e-01
2.956335999999999964e-01
2.950552000000000175e-01
2.955644000000000049e-01
2.958660000000000179e-01
2.957384000000000124e-01
2.957404000000000144e-01
2.955267999999999784e-01
2.964167999999999803e-01
2.959448000000000079e-01
2.959296000000000149e-01
2.967099999999999738e-01
2.960528000000000048e-01
2.962723999999999913e-01
2.969867999999999952e-01
2.972527999999999837e-01
2.976036000000000237e-01
2.976924000000000237e-01
2.976980000000000182e-01
2.968959999999999932e-01
2.975175999999999932e-01
2.973540000000000072e-01
2.978799999999999781e-01
2.978352000000000221e-01
2.976291999999999827e-01
2.979740000000000166e-01
2.983660000000000201e-01
2.978868000000000071e-01
2.981148000000000131e-01
2.978667999999999871e-01
2.989816000000000140e-01
2.987908000000000230e-01
2.993276000000000270e-01
2.988295999999999730e-01
2.987407999999999730e-01
2.994348000000000010e-01
2.990320000000000200e-01
2.986215999999999871e-01
2.988223999999999880e-01
2.996251999999999804e-01
3.002331999999999779e-01
2.993571999999999900e-01
3.002079999999999749e-01
2.995967999999999964e-01
3.002083999999999864e-01
2.995479999999999809e-01
3.004392000000000174e-01
3.005247999999999808e-01
3.004588000000000259e-01
3.008315999999999768e-01
3.014428000000000107e-01
3.007456000000000018e-01
3.011976000000000098e-01
3.008835999999999733e-01
3.015280000000000182e-01
3.006036000000000263e-01
3.009827999999999948e-01
3.019731999999999972e-01
3.019564000000000137e-01
3.029064000000000201e-01
3.014959999999999862e-01
3.021003999999999912e-01
3.029336000000000251e-01
3.019379999999999842e-01
3.022335999999999911e-01
3.027344000000000146e-01
3.031503999999999865e-01
3.033208000000000015e-01
3.030847999999999876e-01
3.036171999999999760e-01
3.036884000000000250e-01
3.037563999999999820e-01
3.022560000000000247e-01
3.027500000000000191e-01
3.034071999999999880e-01
3.039647999999999795e-01
3.035068000000000210e-01
3.039716000000000085e-01
3.044756000000000129e-01
3.048388000000000209e-01
3.049799999999999733e-01
3.045512000000000219e-01
3.052491999999999983e-01
3.052047999999999983e-01
3.050399999999999778e-01
3.055227999999999833e-01
3.061072000000000237e-01
3.051231999999999833e-01
3.054455999999999838e-01
3.055031999999999748e-01
3.060528000000000137e-01
3.056092000000000253e-01
3.058540000000000147e-01
3.070883999999999836e-01
3.071559999999999846e-01
3.072855999999999921e-01
3.070359999999999756e-01
3.076139999999999985e-01
3.070044000000000106e-01
3.070892000000000066e-01
3.077659999999999840e-01
3.075432000000000166e-01
3.077175999999999800e-01
3.083819999999999895e-01
3.080803999999999765e-01
3.084640000000000160e-01
3.083156000000000230e-01
3.079116000000000075e-01
3.082536000000000165e-01
3.085200000000000164e-01
3.089939999999999909e-01
3.093496000000000024e-01
3.095992000000000188e-01
3.096863999999999728e-01
3.106952000000000047e-01
3.096064000000000038e-01
3.105711999999999917e-01
3.106512000000000162e-01
3.099256000000000233e-01
3.104944000000000037e-01
3.105691999999999897e-01
3.103531999999999957e-01
3.110627999999999727e-01
3.113444000000000211e-01
3.113043999999999811e-01
3.113735999999999726e-01
3.117396000000000056e-01
3.112416000000000071e-01
3.121412000000000075e-01
3.117480000000000251e-01
3.121215999999999990e-01
3.116688000000000236e-01
3.122768000000000210e-01
3.124339999999999895e-01
3.128464000000000245e-01
3.134179999999999744e-01
3.134796000000000249e-01
3.145283999999999858e-01
3.133132000000000139e-01
3.141675999999999913e-01
3.142055999999999738e-01
3.138904000000000138e-01
3.150064000000000197e-01
3.155028000000000277e-01
3.146912000000000043e-01
3.157860000000000111e-01
3.151731999999999867e-01
3.155439999999999912e-01
3.152423999999999782e-01
3.154312000000000227e-01
3.161475999999999731e-01
3.161880000000000246e-01
3.165060000000000096e-01
3.166615999999999875e-01
3.165799999999999725e-01
3.170743999999999785e-01
3.175060000000000104e-01
3.175292000000000114e-01
3.178848000000000229e-01
3.176236000000000059e-01
3.178451999999999944e-01
3.183956000000000008e-01
3.191151999999999878e-01
3.188811999999999758e-01
3.185000000000000053e-01
3.189163999999999888e-01
3.192088000000000148e-01
3.190540000000000043e-01
3.196519999999999917e-01
3.198500000000000232e-01
3.204683999999999866e-01
3.199652000000000052e-01
3.210067999999999810e-01
3.209272000000000236e-01
3.208516000000000146e-01
3.211943999999999910e-01
3.212728000000000250e-01
3.221647999999999734e-01
3.218344000000000205e-01
3.216332000000000080e-01
3.227735999999999938e-01
3.225819999999999799e-01
3.227211999999999859e-01
3.233431999999999973e-01
3.226524000000000059e-01
3.235368000000000133e-01
3.237599999999999922e-01
3.241475999999999802e-01
3.249224000000000001e-01
3.241379999999999817e-01
3.244212000000000207e-01
3.257468000000000030e-01
3.250464000000000131e-01
3.247204000000000201e-01
3.260391999999999735e-01
3.258152000000000270e-01
3.258900000000000130e-01
3.271988000000000119e-01
3.271879999999999789e-01
3.263396000000000075e-01
3.278423999999999783e-01
3.281064000000000203e-01
3.282604000000000077e-01
3.281624000000000207e-01
3.287084000000000117e-01
3.291124000000000271e-01
3.294967999999999786e-01
3.287436000000000247e-01
3.297740000000000116e-01
3.298324000000000256e-01
3.298059999999999881e-01
3.314632000000000134e-01
3.308231999999999839e-01
3.312455999999999734e-01
3.311611999999999889e-01
3.324251999999999763e-01
3.317423999999999928e-01
3.330312000000000272e-01
3.326580000000000092e-01
3.332011999999999752e-01
3.336027999999999771e-01
3.332747999999999822e-01
3.338700000000000001e-01
3.342111999999999861e-01
3.346011999999999875e-01
3.337787999999999866e-01
3.357144000000000239e-01
3.350984000000000185e-01
3.358468000000000009e-01
3.356875999999999749e-01
3.358463999999999894e-01
3.374364000000000252e-01
3.369800000000000018e-01
3.373851999999999962e-01
3.383407999999999971e-01
3.383548000000000111e-01
3.393851999999999980e-01
3.396419999999999995e-01
3.392263999999999835e-01
3.398244000000000264e-01
3.400456000000000034e-01
3.403091999999999784e-01
3.407959999999999878e-01
3.412100000000000133e-01
3.409235999999999933e-01
3.418291999999999997e-01
3.427080000000000126e-01
3.422975999999999797e-01
3.436732000000000120e-01
3.429831999999999881e-01
3.433668000000000275e-01
3.447004000000000179e-01
3.444099999999999939e-01
3.455752000000000268e-01
3.454883999999999733e-01
3.464307999999999832e-01
3.465492000000000017e-01
3.463336000000000192e-01
3.472239999999999771e-01
3.472571999999999881e-01
3.478776000000000090e-01
3.491948000000000274e-01
3.489079999999999959e-01
3.489967999999999959e-01
3.499376000000000153e-01
3.500483999999999818e-01
3.511288000000000187e-01
3.514952000000000076e-01
3.521895999999999916e-01
3.520635999999999766e-01
3.531580000000000275e-01
3.533375999999999739e-01
3.538216000000000139e-01
3.543167999999999873e-01
3.548151999999999973e-01
3.546083999999999903e-01
3.561828000000000216e-01
3.555391999999999997e-01
3.574428000000000050e-01
3.573955999999999800e-01
3.579115999999999964e-01
3.592208000000000068e-01
3.593116000000000088e-01
3.599428000000000072e-01
3.592243999999999993e-01
3.604356000000000226e-01
3.614684000000000230e-01
3.623631999999999964e-01
3.618540000000000090e-01
3.632259999999999933e-01
3.638484000000000163e-01
3.647320000000000007e-01
3.652648000000000006e-01
3.650544000000000011e-01
3.651300000000000101e-01
3.668888000000000149e-01
3.674511999999999778e-01
3.671668000000000154e-01
3.680860000000000243e-01
3.694520000000000026e-01
3.702032000000000100e-01
3.709580000000000100e-01
3.718799999999999883e-01
3.724187999999999943e-01
3.731851999999999947e-01
3.750852000000000075e-01
3.741831999999999936e-01
3.750796000000000130e-01
3.746287999999999840e-01
3.749680000000000235e-01
3.772628000000000092e-01
3.779843999999999982e-01
3.793184000000000000e-01
3.798639999999999795e-01
3.805308000000000024e-01
3.807523999999999909e-01
3.816028000000000198e-01
3.823188000000000142e-01
3.834616000000000136e-01
3.850747999999999949e-01
3.848844000000000154e-01
3.855111999999999983e-01
3.865036000000000027e-01
3.873599999999999821e-01
3.888079999999999870e-01
3.898923999999999723e-01
3.899036000000000168e-01
3.920120000000000271e-01
3.926200000000000245e-01
3.934143999999999974e-01
3.945239999999999858e-01
3.948847999999999803e-01
3.958787999999999752e-01
3.968280000000000141e-01
3.984900000000000109e-01
3.982584000000000124e-01
4.004943999999999726e-01
4.011672000000000016e-01
4.024039999999999839e-01
4.035288000000000208e-01
4.044255999999999962e-01
4.062792000000000070e-01
4.065059999999999785e-01
4.087076000000000042e-01
4.085355999999999987e-01
4.100079999999999836e-01
4.104187999999999725e-01
4.127656000000000103e-01
4.122924000000000033e-01
4.146043999999999841e-01
4.154332000000000025e-01
4.167263999999999968e-01
4.171819999999999973e-01
